@relation predicate

@attribute isHome {home,away}
@attribute victoireHome numeric
@attribute nbreButLastMatch numeric
@attribute ageMoyen numeric
@attribute classement numeric
@attribute forceAttaqueEquiHome numeric
@attribute forceAttaqueEquiAway numeric
@attribute forceDefEquiHome numeric
@attribute forceDefEquiaway numeric
@attribute result {gagne,perd,egalite}

@data
home,0.52380955,0.0952381,4.0,25.0,11.0,1.0,0.0,1.0,0.0,gagne
home,0.33333334,0.2857143,4.0,25.0,14.0,0.75,0.25,0.75,0.25,gagne
home,0.36842105,0.2631579,4.0,25.0,11.0,0.5,0.5,0.5,0.5,egalite
home,0.47368422,0.36842105,4.0,25.0,11.0,0.5,0.5,0.5,0.5,egalite
home,0.68421054,0.36842105,4.0,25.0,6.0,1.0,0.0,1.0,0.0,gagne
home,0.6315789,0.42105263,4.0,25.0,4.0,1.0,0.0,1.0,0.0,gagne
home,0.6315789,0.31578946,4.0,25.0,3.0,0.6666667,0.33333334,0.6666666,0.3333333,gagne
home,0.68421054,0.21052632,4.0,25.0,5.0,0.5,0.5,0.5,0.5,egalite
home,0.57894737,0.31578946,4.0,25.0,6.0,0.6666667,0.33333334,0.6666666,0.3333333,gagne
home,0.6315789,0.36842105,4.0,25.0,6.0,0.6,0.4,0.6,0.39999998,gagne
home,0.6315789,0.6315789,4.0,25.0,0.0,0.6666667,0.33333334,0.6666666,0.3333333,gagne
home,0.7368421,0.7894737,4.0,25.0,2.0,0.5,0.5,0.5,0.5,egalite
home,0.94736844,0.57894737,4.0,25.0,1.0,0.0,1.0,0.0,1.0,perd
home,0.6315789,0.6315789,4.0,25.0,1.0,0.5,0.5,0.5,0.5,egalite
home,0.6315789,0.68421054,4.0,25.0,2.0,1.0,0.0,1.0,0.0,gagne
home,0.57894737,0.7368421,4.0,25.0,2.0,0.2,0.8,0.19999999,0.8,perd
home,0.8947368,0.5263158,4.0,25.0,3.0,0.0,1.0,0.0,1.0,perd
home,0.7368421,0.36842105,4.0,25.0,1.0,0.75,0.25,0.75,0.25,gagne
home,0.6315789,0.31578946,4.0,25.0,2.0,0.0,0.0,1.0,1.0,egalite
home,0.5,0.6,4.0,25.0,6.0,0.33333334,0.6666667,0.3333333,0.6666666,perd
home,0.7894737,0.5263158,4.0,25.0,3.0,0.0,0.0,1.0,1.0,egalite
home,0.7894737,0.57894737,4.0,25.0,3.0,0.0,0.0,1.0,1.0,egalite
home,0.42857143,0.14285715,4.0,25.0,1.0,0.0,0.0,1.0,1.0,egalite
